#name SkyBox
#texture TEXTURE.jpg

#v 0.000000, 15.030001, -23.148224, 4.515995, -15.030001, -22.703436, 0.000000, -15.030001, -23.148224, 
#v 4.515995, 15.030001, -22.703436, 8.858442, -15.030001, -21.386169, 4.515995, -15.030001, -22.703436, 
#v 8.858442, 15.030001, -21.386169, 12.860464, -15.030001, -19.247044, 8.858442, -15.030001, -21.386169, 
#v 12.860464, 15.030001, -19.247044, 16.368265, -15.030001, -16.368265, 12.860464, -15.030001, -19.247044, 
#v 16.368265, 15.030001, -16.368265, 19.247046, -15.030001, -12.860463, 16.368265, -15.030001, -16.368265, 
#v 19.247046, 15.030001, -12.860463, 21.386169, -15.030001, -8.858441, 19.247046, -15.030001, -12.860463, 
#v 21.386169, 15.030001, -8.858441, 22.703436, -15.030001, -4.515995, 21.386169, -15.030001, -8.858441, 
#v 22.703436, 15.030001, -4.515995, 23.148224, -15.030001, -0.000002, 22.703436, -15.030001, -4.515995, 
#v 23.148224, 15.030001, -0.000002, 22.703438, -15.030001, 4.515992, 23.148224, -15.030001, -0.000002, 
#v 22.703438, 15.030001, 4.515992, 21.386171, -15.030001, 8.858438, 22.703438, -15.030001, 4.515992, 
#v 21.386171, 15.030001, 8.858438, 19.247046, -15.030001, 12.860463, 21.386171, -15.030001, 8.858438, 
#v 19.247046, 15.030001, 12.860463, 16.368265, -15.030001, 16.368265, 19.247046, -15.030001, 12.860463, 
#v 16.368265, 15.030001, 16.368265, 12.860463, -15.030001, 19.247046, 16.368265, -15.030001, 16.368265, 
#v 12.860463, 15.030001, 19.247046, 8.858438, -15.030001, 21.386173, 12.860463, -15.030001, 19.247046, 
#v 8.858438, 15.030001, 21.386173, 4.515989, -15.030001, 22.703438, 8.858438, -15.030001, 21.386173, 
#v 4.515989, 15.030001, 22.703438, -0.000008, -15.030001, 23.148224, 4.515989, -15.030001, 22.703438, 
#v -0.000008, 15.030001, 23.148224, -4.516004, -15.030001, 22.703436, -0.000008, -15.030001, 23.148224, 
#v -4.516004, 15.030001, 22.703436, -8.858452, -15.030001, 21.386166, -4.516004, -15.030001, 22.703436, 
#v -8.858452, 15.030001, 21.386166, -12.860476, -15.030001, 19.247038, -8.858452, -15.030001, 21.386166, 
#v -12.860476, 15.030001, 19.247038, -16.368277, -15.030001, 16.368256, -12.860476, -15.030001, 19.247038, 
#v -16.368277, 15.030001, 16.368256, -19.247053, -15.030001, 12.860451, -16.368277, -15.030001, 16.368256, 
#v -19.247053, 15.030001, 12.860451, -21.386177, -15.030001, 8.858424, -19.247053, -15.030001, 12.860451, 
#v -21.386177, 15.030001, 8.858424, -22.703442, -15.030001, 4.515975, -21.386177, -15.030001, 8.858424, 
#v -22.703442, 15.030001, 4.515975, -23.148224, -15.030001, -0.000022, -22.703442, -15.030001, 4.515975, 
#v -23.148224, 15.030001, -0.000022, -22.703432, -15.030001, -4.516018, -23.148224, -15.030001, -0.000022, 
#v -22.703432, 15.030001, -4.516018, -21.386160, -15.030001, -8.858466, -22.703432, -15.030001, -4.516018, 
#v -21.386160, 15.030001, -8.858466, -19.247028, -15.030001, -12.860488, -21.386160, -15.030001, -8.858466, 
#v -19.247028, 15.030001, -12.860488, -16.368244, -15.030001, -16.368286, -19.247028, -15.030001, -12.860488, 
#v -16.368244, 15.030001, -16.368286, -12.860438, -15.030001, -19.247063, -16.368244, -15.030001, -16.368286, 
#v -12.860438, 15.030001, -19.247063, -8.858411, -15.030001, -21.386183, -12.860438, -15.030001, -19.247063, 
#v -8.858411, 15.030001, -21.386183, -4.515960, -15.030001, -22.703444, -8.858411, -15.030001, -21.386183, 
#v -4.515960, 15.030001, -22.703444, 0.000000, -15.030001, -23.148224, -4.515960, -15.030001, -22.703444, 
#v 0.000000, 15.030001, -23.148224, 4.515995, 15.030001, -22.703436, 4.515995, -15.030001, -22.703436, 
#v 4.515995, 15.030001, -22.703436, 8.858442, 15.030001, -21.386169, 8.858442, -15.030001, -21.386169, 
#v 8.858442, 15.030001, -21.386169, 12.860464, 15.030001, -19.247044, 12.860464, -15.030001, -19.247044, 
#v 12.860464, 15.030001, -19.247044, 16.368265, 15.030001, -16.368265, 16.368265, -15.030001, -16.368265, 
#v 16.368265, 15.030001, -16.368265, 19.247046, 15.030001, -12.860463, 19.247046, -15.030001, -12.860463, 
#v 19.247046, 15.030001, -12.860463, 21.386169, 15.030001, -8.858441, 21.386169, -15.030001, -8.858441, 
#v 21.386169, 15.030001, -8.858441, 22.703436, 15.030001, -4.515995, 22.703436, -15.030001, -4.515995, 
#v 22.703436, 15.030001, -4.515995, 23.148224, 15.030001, -0.000002, 23.148224, -15.030001, -0.000002, 
#v 23.148224, 15.030001, -0.000002, 22.703438, 15.030001, 4.515992, 22.703438, -15.030001, 4.515992, 
#v 22.703438, 15.030001, 4.515992, 21.386171, 15.030001, 8.858438, 21.386171, -15.030001, 8.858438, 
#v 21.386171, 15.030001, 8.858438, 19.247046, 15.030001, 12.860463, 19.247046, -15.030001, 12.860463, 
#v 19.247046, 15.030001, 12.860463, 16.368265, 15.030001, 16.368265, 16.368265, -15.030001, 16.368265, 
#v 16.368265, 15.030001, 16.368265, 12.860463, 15.030001, 19.247046, 12.860463, -15.030001, 19.247046, 
#v 12.860463, 15.030001, 19.247046, 8.858438, 15.030001, 21.386173, 8.858438, -15.030001, 21.386173, 
#v 8.858438, 15.030001, 21.386173, 4.515989, 15.030001, 22.703438, 4.515989, -15.030001, 22.703438, 
#v 4.515989, 15.030001, 22.703438, -0.000008, 15.030001, 23.148224, -0.000008, -15.030001, 23.148224, 
#v -0.000008, 15.030001, 23.148224, -4.516004, 15.030001, 22.703436, -4.516004, -15.030001, 22.703436, 
#v -4.516004, 15.030001, 22.703436, -8.858452, 15.030001, 21.386166, -8.858452, -15.030001, 21.386166, 
#v -8.858452, 15.030001, 21.386166, -12.860476, 15.030001, 19.247038, -12.860476, -15.030001, 19.247038, 
#v -12.860476, 15.030001, 19.247038, -16.368277, 15.030001, 16.368256, -16.368277, -15.030001, 16.368256, 
#v -16.368277, 15.030001, 16.368256, -19.247053, 15.030001, 12.860451, -19.247053, -15.030001, 12.860451, 
#v -19.247053, 15.030001, 12.860451, -21.386177, 15.030001, 8.858424, -21.386177, -15.030001, 8.858424, 
#v -21.386177, 15.030001, 8.858424, -22.703442, 15.030001, 4.515975, -22.703442, -15.030001, 4.515975, 
#v -22.703442, 15.030001, 4.515975, -23.148224, 15.030001, -0.000022, -23.148224, -15.030001, -0.000022, 
#v -23.148224, 15.030001, -0.000022, -22.703432, 15.030001, -4.516018, -22.703432, -15.030001, -4.516018, 
#v -22.703432, 15.030001, -4.516018, -21.386160, 15.030001, -8.858466, -21.386160, -15.030001, -8.858466, 
#v -21.386160, 15.030001, -8.858466, -19.247028, 15.030001, -12.860488, -19.247028, -15.030001, -12.860488, 
#v -19.247028, 15.030001, -12.860488, -16.368244, 15.030001, -16.368286, -16.368244, -15.030001, -16.368286, 
#v -16.368244, 15.030001, -16.368286, -12.860438, 15.030001, -19.247063, -12.860438, -15.030001, -19.247063, 
#v -12.860438, 15.030001, -19.247063, -8.858411, 15.030001, -21.386183, -8.858411, -15.030001, -21.386183, 
#v -8.858411, 15.030001, -21.386183, -4.515960, 15.030001, -22.703444, -4.515960, -15.030001, -22.703444, 
#v -4.515960, 15.030001, -22.703444, 0.000000, 15.030001, -23.148224, 0.000000, -15.030001, -23.148224